1670475237345 28963.56021879701 0
1670475237353 25325.871517792773 0
1670475237361 22372.3546191402 0
1670475237369 19950.496251612843 0
1670475237377 17920.066396710634 0
1670475237385 16262.001700082184 0
1670475237393 14870.574122972654 0
1670475237393 13721.968712710495 0
1670475237401 12737.596250550412 0
1670475237409 11901.393502703675 0
1670475237409 11189.582576008755 0
1670475237421 10571.851361138351 0
1670475237421 10051.368994591956 0
1670475237421 9555.952152816988 0
1670475237440 9142.733597841945 0
1670475237448 8728.65441289016 0
1670475237448 8415.502384114025 0
1670475237456 8045.2242792278685 0
1670475237464 7765.181443371369 0
1670475237471 7485.571320934998 0
1670475237471 7260.341051670466 0
1670475237521 7017.208818804483 0
1670475237521 6830.087721549108 0
1670475237521 6654.86503026259 0
1670475237537 6494.896700524735 0
1670475237539 6332.559621964004 0
1670475237539 6205.517819654931 0
1670475237547 6080.751903076783 0
1670475237555 5962.475784137422 0
1670475237563 5814.699578132223 0
1670475237563 5716.648440324062 0
1670475237572 5561.309120211006 0
1670475237580 5480.538384315527 0
1670475237588 5356.544710527968 0
1670475237596 5290.77655740308 0
1670475237612 5223.5025316148785 0
1670475237612 5150.945316678636 0
1670475237628 5094.835121825116 0
1670475237636 4986.690385839112 0
1670475237644 4933.03299120774 0
1670475237652 4876.661214239081 0
1670475237668 4804.254233808844 0
1670475237676 4762.6854934371095 0
1670475237684 4721.969143905956 0
1670475237692 4689.567838639886 0
1670475237700 4644.978450660765 0
1670475237708 4569.258881283707 0
1670475237716 4501.5266372973465 0
1670475237724 4468.709174890898 0
1670475237733 4432.372045123873 0
1670475237740 4398.548591070108 0
1670475237748 4363.998516969841 0
1670475237756 4332.731861268839 0
1670475237764 4311.683046631179 0
1670475237772 4258.891587054922 0
1670475237780 4225.95904672986 0
1670475237796 4182.196074695421 0
1670475237796 4159.3389799186425 0
1670475237804 4133.901509360907 0
1670475237812 4076.5090562001947 0
1670475237820 4050.134060041895 0
1670475237828 4032.3226277355207 0
1670475237828 4008.0128216955895 0
1670475237837 3991.1590498041796 0
1670475237845 3965.414636336735 0
1670475237854 3904.1960946547447 0
1670475237862 3890.5324201327803 0
1670475237870 3874.9841825261865 0
1670475237878 3855.1009540108503 0
1670475237886 3839.0759716350626 0
1670475237894 3818.0218682534965 0
1670475237894 3807.6245951951064 0
1670475237902 3791.007860376751 0
1670475237910 3774.5159560241755 0
1670475237910 3763.657963239347 0
1670475237918 3746.8293117705357 0
1670475237926 3737.5371149973716 0
1670475237934 3677.4850486272053 0
1670475237942 3662.5870937815025 0
1670475237942 3649.021785304074 0
1670475237950 3627.0140369437736 0
1670475237958 3605.7882072001457 0
1670475237966 3594.729317779172 0
1670475237971 3576.675790270653 0
1670475237971 3528.989405433208 0
1670475237971 3519.0012523197256 0
1670475237995 3479.7739258392903 0
1670475237995 3470.4419056185297 0
1670475238003 3451.847731782644 0
1670475238011 3430.1201362824613 0
1670475238020 3414.5962314795274 0
1670475238020 3408.1029962927055 0
1670475238020 3398.3026275792745 0
1670475238036 3385.074647038276 0
1670475238037 3368.2503481946733 0
1670475238045 3351.101194451312 0
1670475238053 3322.7779350345695 0
1670475238061 3316.925540105446 0
1670475238070 3307.3111619186516 0
1670475238076 3295.1088994066654 0
