1670475096489 28963.56021879701 0
1670475096505 25325.871517792773 0
1670475096505 22372.3546191402 0
1670475096520 19950.496251612843 0
1670475096520 17920.066396710634 0
1670475096536 16262.001700082184 0
1670475096536 14870.574122972654 0
1670475096536 13721.968712710495 0
1670475096552 12737.596250550412 0
1670475096552 11901.393502703675 0
1670475096567 11189.582576008755 0
1670475096567 10571.851361138351 0
1670475096583 10051.368994591956 0
1670475096583 9555.952152816988 0
1670475096583 9142.733597841945 0
1670475096600 8728.65441289016 0
1670475096600 8415.502384114025 0
1670475096614 8045.2242792278685 0
1670475096614 7765.181443371369 0
1670475096614 7485.571320934998 0
1670475096630 7260.341051670466 0
1670475096630 7017.208818804483 0
1670475096646 6830.087721549108 0
1670475096646 6654.86503026259 0
1670475096661 6494.896700524735 0
1670475096661 6332.559621964004 0
1670475096661 6205.517819654931 0
1670475096677 6080.751903076783 0
1670475096693 5962.475784137422 0
1670475096693 5814.699578132223 0
1670475096708 5716.648440324062 0
1670475096708 5561.309120211006 0
1670475096724 5480.538384315527 0
1670475096739 5356.544710527968 0
1670475096739 5290.77655740308 0
1670475096755 5223.5025316148785 0
1670475096755 5150.945316678636 0
1670475096771 5094.835121825116 0
1670475096786 4986.690385839112 0
1670475096786 4933.03299120774 0
1670475096802 4876.661214239081 0
1670475096818 4804.254233808844 0
1670475096818 4762.6854934371095 0
1670475096833 4721.969143905956 0
1670475096833 4689.567838639886 0
1670475096849 4644.978450660765 0
1670475096849 4569.258881283707 0
1670475096864 4501.5266372973465 0
1670475096864 4468.709174890898 0
1670475096880 4432.372045123873 0
1670475096896 4398.548591070108 0
1670475096896 4363.998516969841 0
1670475096896 4332.731861268839 0
1670475096911 4311.683046631179 0
1670475096927 4258.891587054922 0
1670475096927 4225.95904672986 0
1670475096943 4182.196074695421 0
1670475096943 4159.3389799186425 0
1670475096958 4133.901509360907 0
1670475096958 4076.5090562001947 0
1670475096974 4050.134060041895 0
1670475096974 4032.3226277355207 0
1670475096974 4008.0128216955895 0
1670475096989 3991.1590498041796 0
1670475096989 3965.414636336735 0
1670475097005 3904.1960946547447 0
1670475097005 3890.5324201327803 0
1670475097005 3874.9841825261865 0
1670475097021 3855.1009540108503 0
1670475097021 3839.0759716350626 0
1670475097036 3818.0218682534965 0
1670475097036 3807.6245951951064 0
1670475097052 3791.007860376751 0
1670475097052 3774.5159560241755 0
1670475097052 3763.657963239347 0
1670475097068 3746.8293117705357 0
1670475097068 3737.5371149973716 0
1670475097083 3677.4850486272053 0
1670475097083 3662.5870937815025 0
1670475097099 3649.021785304074 0
1670475097099 3627.0140369437736 0
1670475097114 3605.7882072001457 0
1670475097114 3594.729317779172 0
1670475097130 3576.675790270653 0
1670475097130 3528.989405433208 0
1670475097146 3519.0012523197256 0
1670475097146 3479.7739258392903 0
1670475097161 3470.4419056185297 0
1670475097161 3451.847731782644 0
1670475097177 3430.1201362824613 0
1670475097177 3414.5962314795274 0
1670475097225 3408.1029962927055 0
1670475097239 3398.3026275792745 0
1670475097239 3385.074647038276 0
1670475097255 3368.2503481946733 0
1670475097255 3351.101194451312 0
1670475097270 3322.7779350345695 0
1670475097270 3316.925540105446 0
1670475097270 3307.3111619186516 0
1670475097286 3295.1088994066654 0
